0 237 1189 224 1011
0 200 677 124 682
0 124 682 127 919
0 216 904 217 920
0 33 914 127 919
0 217 920 127 919
0 26 1011 33 914
0 224 1011 217 920
0 26 1011 224 1011
0 75 34 117 25
0 50 687 33 914
0 200 677 216 904
0 17 1143 26 1011
0 61 530 50 687
0 959 425 1013 366
0 1051 325 1013 366
0 1013 366 1199 385
0 314 235 255 272
0 255 272 772 382
0 1279 489 1380 365
0 772 382 820 300
0 772 382 959 425
0 820 300 1051 325
0 1436 522 1279 489
0 1279 489 959 425
0 1590 389 1380 365
0 759 293 820 300
0 1380 365 1051 325
0 75 34 82 238
0 82 238 61 530
0 61 530 188 505
0 188 505 178 376
0 188 505 200 677
0 50 687 124 682
